50	  0.05	550
11.49259318791322	0.126500207585582	6.23636011523779
1.44897004397165	0.185581800070210	6.21238911646297
1.40499391189598	0.207096483802693	6.20168669354145
1.39183106896576	0.132976644822969	6.23039409281381
1.37678460555042	0.0466861379179881	6.26445614269676
1.38170300515123	-0.0922513923415992	0.0368831296041351
1.39798665650984	-0.161885642548391	0.0639989549645091
1.41548770803896	-0.212749503986800	0.0831062248530487
1.46990215979141	-0.164097429604603	0.0616964209744349
1.50608103573929	-0.0922661275677614	0.0338413685499735
1.52275938136185	0.0219398073744926	6.27522779747687
1.49275165680443	0.126116464583843	6.23650722402675
1.44922908329672	0.185317463950737	6.21250278183563
1.40536169044614	0.207462843629334	6.20156361248398
1.39248747140668	0.135627571227852	6.22936608328463
1.37692240679062	0.0484613491280682	6.26374583575585
1.38124651448956	-0.0880887567559019	0.0352298011638621
1.39736093703106	-0.158648551162085	0.0627456447166738
1.41470622528317	-0.212777989227060	0.0831633978170134
1.46577965588228	-0.168232437588021	0.0634312668962515
1.50462938596022	-0.0966643054069592	0.0354894141632647
1.52297579285452	0.0168952418907616	6.27705834502205
1.49670203495125	0.116904040562134	6.24003339654510
1.45149171137644	0.183178180686378	6.21342915581373
1.40718643821175	0.209014412401328	6.20105868290674
1.39410510510240	0.142874207338201	6.22655335267241
1.37746604003669	0.0544622159767094	6.26134694853913
1.37970027601580	-0.0741785446309903	0.0296980862923358
1.39608310453780	-0.152492055756030	0.0603629957572896
1.41237524391129	-0.212183086432900	0.0830675307566871
1.45807317947749	-0.176321968927387	0.0668377116044535
1.50207362039498	-0.103755181995416	0.0381588294757134
1.52314927031164	0.00203429520065908	6.28244767029820
1.50134999960651	0.105622562630172	6.24432062194751
1.45654381256553	0.177949864950538	6.21565864561758
1.41157456935514	0.211788856879008	6.20022533024207
1.39577993687486	0.151043030543001	6.22338358466936
1.37923066876429	0.0701575906517025	6.25508791773857
1.37769122557728	-0.0566231944122179	0.0227013060298176
1.39440953069301	-0.144312376758288	0.0571901282891906
1.40774086590213	-0.209364750884066	0.0822321190340600
1.45178971787275	-0.182846248261800	0.0696152273127641
1.49658869607237	-0.117139566753369	0.0432421793812489
1.52293806366780	-0.0173800362980069	0.00630292846512871
1.50520531796359	0.0948586193975587	6.24837243559969
1.46816449070025	0.165794800248155	6.22077602086641
1.41549884855789	0.212566893347517	6.20015123492652
1.39858738027786	0.165027018382827	6.21797077318584
1.38213186350172	0.0956702782959524	6.24494648849446
1.37644195520220	-0.0403607174331617	0.0161953757079017
